"X","Y","month","day","FFMC","DMC","DC","ISI","temp","RH","wind","rain","area","forest_ind","coords_count","grid_group","wkd","wkdM","summer","areaTrans","FFMCQuantile","wetness","rainvnorain"
7,5,"mar","fri",86.2,26.2,94.3,5.1,8.2,51,6.7,0,0,1,11,"mr",1,1,0,0,2,361.284,0
7,4,"oct","tue",90.6,35.4,669.1,6.7,18,33,0.9,0,0,1,45,"mr",0,0,0,0,3,426.525,0
7,4,"oct","sat",90.6,43.7,686.9,6.7,14.6,33,1.3,0,0,1,45,"mr",1,1,0,0,3,345.5496,0
8,6,"mar","fri",91.7,33.3,77.5,9,8.3,97,4,0.2,0,0,52,"br",1,1,0,0,7,691.222,1
8,6,"mar","sun",89.3,51.3,102.2,9.6,11.4,99,1.8,0,0,0,52,"br",1,1,0,0,2,855.4392,0
8,6,"aug","sun",92.3,85.3,488,14.7,22.2,29,5.4,0,0,0,52,"br",1,1,1,0,8,486.62,0
8,6,"aug","mon",92.3,88.9,495.6,8.5,24.1,27,3.1,0,0,0,52,"br",0,1,1,0,8,509.8815,0
8,6,"aug","mon",91.5,145.4,608.2,10.7,8,86,2.2,0,0,0,52,"br",0,1,1,0,6,602,0
8,6,"sep","tue",91,129.5,692.6,7,13.1,63,5.4,0,0,0,52,"br",0,0,1,0,5,605.6316,0
7,5,"sep","sat",92.5,88,698.6,7.1,22.8,40,4,0,0,1,11,"mr",1,1,1,0,8,697.6,0
7,5,"sep","sat",92.5,88,698.6,7.1,17.8,51,7.2,0,0,1,11,"mr",1,1,1,0,8,650.964,0
7,5,"sep","sat",92.8,73.2,713,22.6,19.3,38,4,0,0,1,11,"mr",1,1,1,0,9,531.886,0
6,5,"aug","fri",63.5,70.8,665.3,0.8,17,72,6.7,0,0,1,49,"mr",1,1,1,0,1,872.64,0
6,5,"sep","mon",90.9,126.5,686.5,7,21.3,42,2.2,0,0,1,49,"mr",0,1,1,0,5,667.002,0
6,5,"sep","wed",92.9,133.3,699.6,9.2,26.4,21,4.5,0,0,1,49,"mr",0,0,1,0,9,458.486,0
6,5,"sep","fri",93.3,141.2,713.9,13.9,22.9,44,5.4,0,0,1,49,"mr",1,1,1,0,9,772.2,0
5,5,"mar","sat",91.7,35.8,80.8,7.8,15.1,27,5.4,0,0,1,3,"mr",1,1,0,0,7,290.817,0
8,5,"oct","mon",84.9,32.8,664.2,3,16.7,47,4.9,0,0,1,4,"other",0,1,0,0,1,559.629,0
6,4,"mar","wed",89.2,27.9,70.8,6.3,15.9,35,4,0,0,0,9,"mr",0,0,0,0,2,396.865,0
6,4,"apr","sat",86.3,27.4,97.1,5.1,9.3,44,4.5,0,0,0,9,"mr",1,1,0,0,2,332.024,0
6,4,"sep","tue",91,129.5,692.6,7,18.3,40,2.7,0,0,0,9,"mr",0,0,1,0,5,526.66,0
5,4,"sep","mon",91.8,78.5,724.3,9.2,19.1,38,2.7,0,0,0,23,"mr",0,1,1,0,7,525.122,0
7,4,"jun","sun",94.3,96.3,200,56.1,21,44,4.5,0,0,1,45,"mr",1,1,1,0,10,685.96,0
7,4,"aug","sat",90.2,110.9,537.4,6.2,19.5,43,5.8,0,0,1,45,"mr",1,1,1,0,3,609.525,0
7,4,"aug","sat",93.5,139.4,594.2,20.3,23.7,32,5.8,0,0,1,45,"mr",1,1,1,0,10,589.76,0
7,4,"aug","sun",91.4,142.4,601.4,10.6,16.3,60,5.4,0,0,1,45,"mr",1,1,1,0,6,697.38,0
7,4,"sep","fri",92.4,117.9,668,12.2,19,34,5.8,0,0,1,45,"mr",1,1,1,0,8,466.82,0
7,4,"sep","mon",90.9,126.5,686.5,7,19.4,48,1.3,0,0,1,45,"mr",0,1,1,0,5,676.128,0
6,3,"sep","sat",93.4,145.4,721.4,8.1,30.2,24,2.7,0,0,0,25,"mr",1,1,1,0,10,665.472,0
6,3,"sep","sun",93.5,149.3,728.6,8.1,22.8,39,3.6,0,0,0,25,"mr",1,1,1,0,10,680.16,0
6,3,"sep","fri",94.3,85.1,692.3,15.9,25.4,24,3.6,0,0,0,25,"mr",1,1,1,0,10,492.072,0
6,3,"sep","mon",88.6,91.8,709.9,7.1,11.2,78,7.6,0,0,0,25,"mr",0,1,1,0,2,665.0592,0
6,3,"sep","fri",88.6,69.7,706.8,5.8,20.6,37,1.8,0,0,0,25,"mr",1,1,1,0,2,562.474,0
6,3,"sep","sun",91.7,75.6,718.3,7.8,17.7,39,3.6,0,0,0,25,"mr",1,1,1,0,7,494.6565,0
6,3,"sep","mon",91.8,78.5,724.3,9.2,21.2,32,2.7,0,0,0,25,"mr",0,1,1,0,7,505.088,0
6,3,"sep","tue",90.3,80.7,730.2,6.3,18.2,62,4.5,0,0,0,25,"mr",0,0,1,0,3,811.332,0
6,3,"oct","tue",90.6,35.4,669.1,6.7,21.7,24,4.5,0,0,0,25,"mr",0,0,0,0,3,390.456,0
7,4,"oct","fri",90,41.5,682.6,8.7,11.3,60,5.4,0,0,1,45,"mr",1,1,0,0,3,515.016,0
7,3,"oct","sat",90.6,43.7,686.9,6.7,17.8,27,4,0,0,1,2,"mr",1,1,0,0,3,344.628,0
4,4,"mar","tue",88.1,25.7,67.6,3.8,14.1,43,2.7,0,0,0,36,"ml",0,0,0,0,2,437.9636,0
4,4,"jul","tue",79.5,60.6,366.7,1.5,23.3,37,3.1,0,0,0,36,"ml",0,0,1,0,1,665.63,0
4,4,"aug","sat",90.2,96.9,624.2,8.9,18.4,42,6.7,0,0,0,36,"ml",1,1,1,0,3,556.374,0
4,4,"aug","tue",94.8,108.3,647.1,17,16.6,54,5.4,0,0,0,36,"ml",0,0,1,0,10,639.144,0
4,4,"sep","sat",92.5,88,698.6,7.1,19.6,48,2.7,0,0,0,36,"ml",1,1,1,0,8,684.672,0
4,4,"sep","wed",90.1,82.9,735.7,6.2,12.9,74,4.9,0,0,0,36,"ml",0,0,1,0,3,702.9112,0
5,6,"sep","wed",94.3,85.1,692.3,15.9,25.9,24,4,0,0,0,4,"other",0,0,1,0,10,507.012,0
5,6,"sep","mon",90.9,126.5,686.5,7,14.7,70,3.6,0,0,0,4,"other",0,1,1,0,5,736.988,0
6,6,"jul","mon",94.2,62.3,442.9,11,23,36,3.1,0,0,0,3,"other",0,1,1,0,10,635.76,0
4,4,"mar","mon",87.2,23.9,64.7,4.1,11.8,35,1.8,0,0,0,36,"ml",0,1,0,0,2,310.436,0
4,4,"mar","mon",87.6,52.2,103.8,5,11,46,5.8,0,0,0,36,"ml",0,1,0,0,2,386.952,0
4,4,"sep","thu",92.9,137,706.4,9.2,20.8,17,1.3,0,0,0,36,"ml",0,0,1,0,9,261.732,0
4,3,"aug","sun",90.2,99.6,631.2,6.3,21.5,34,2.2,0,0,0,22,"ml",1,1,1,0,3,546.55,0
4,3,"aug","wed",92.1,111.2,654.1,9.6,20.4,42,4.9,0,0,0,22,"ml",0,0,1,0,7,630.336,0
4,3,"aug","wed",92.1,111.2,654.1,9.6,20.4,42,4.9,0,0,0,22,"ml",0,0,1,0,7,630.336,0
4,3,"aug","thu",91.7,114.3,661.3,6.3,17.6,45,3.6,0,0,0,22,"ml",0,0,1,0,7,567.135,0
4,3,"sep","thu",92.9,137,706.4,9.2,27.7,24,2.2,0,0,0,22,"ml",0,0,1,0,9,569.432,0
4,3,"sep","tue",90.3,80.7,730.2,6.3,17.8,63,4.9,0,0,0,22,"ml",0,0,1,0,3,804.132,0
4,3,"oct","sun",92.6,46.5,691.8,8.8,13.8,50,2.7,0,0,0,22,"ml",1,1,0,0,9,500.68,0
2,2,"feb","mon",84,9.3,34,2.1,13.9,40,5.4,0,0,0,25,"tl",0,1,0,0,1,402.832,0
2,2,"feb","fri",86.6,13.2,43,5.3,12.3,51,0.9,0,0,0,25,"tl",1,1,0,0,2,466.9356,0
2,2,"mar","sun",89.3,51.3,102.2,9.6,11.5,39,5.8,0,0,0,25,"tl",1,1,0,0,2,339.222,0
2,2,"mar","sun",89.3,51.3,102.2,9.6,5.5,59,6.3,0,0,0,25,"tl",1,1,0,0,2,351.05,0
2,2,"aug","thu",93,75.3,466.6,7.7,18.8,35,4.9,0,0,0,25,"tl",0,0,1,0,9,474.915,0
2,2,"aug","sun",90.2,99.6,631.2,6.3,20.8,33,2.7,0,0,0,25,"tl",1,1,1,0,3,508.068,0
2,2,"aug","mon",91.1,103.2,638.8,5.8,23.1,31,3.1,0,0,0,25,"tl",0,1,1,0,5,550.87,0
2,2,"aug","thu",91.7,114.3,661.3,6.3,18.6,44,4.5,0,0,0,25,"tl",0,0,1,0,7,589.952,0
2,2,"sep","fri",92.4,117.9,668,12.2,23,37,4.5,0,0,0,25,"tl",1,1,1,0,8,653.42,0
2,2,"sep","fri",92.4,117.9,668,12.2,19.6,33,5.4,0,0,0,25,"tl",1,1,1,0,8,470.712,0
2,2,"sep","fri",92.4,117.9,668,12.2,19.6,33,6.3,0,0,0,25,"tl",1,1,1,0,8,470.712,0
4,5,"mar","fri",91.7,33.3,77.5,9,17.2,26,4.5,0,0,0,25,"ml",1,1,0,0,7,319.306,0
4,5,"mar","fri",91.2,48.3,97.8,12.5,15.8,27,7.6,0,0,0,25,"ml",1,1,0,0,5,304.236,0
4,5,"sep","fri",94.3,85.1,692.3,15.9,17.7,37,3.6,0,0,0,25,"ml",1,1,1,0,10,469.2895,0
5,4,"mar","fri",91.7,33.3,77.5,9,15.6,25,6.3,0,0,0,23,"mr",1,1,0,0,7,278.15,0
5,4,"aug","tue",88.8,147.3,614.5,9,17.3,43,4.5,0,0,0,23,"mr",0,0,1,0,2,531.5445,0
5,4,"sep","fri",93.3,141.2,713.9,13.9,27.6,30,1.3,0,0,0,23,"mr",1,1,1,0,9,707.42,0
9,9,"feb","thu",84.2,6.8,26.6,7.7,6.7,79,3.1,0,0,0,6,"other",0,0,0,0,1,509.866,0
9,9,"feb","fri",86.6,13.2,43,5.3,15.7,43,3.1,0,0,0,6,"other",1,1,0,0,2,481.471,0
1,3,"mar","mon",87.6,52.2,103.8,5,8.3,72,3.1,0,0,0,10,"tl",0,1,0,0,2,513.072,0
1,2,"aug","fri",90.1,108,529.8,12.5,14.7,66,2.7,0,0,0,19,"tl",1,1,1,0,3,694.8744,0
1,2,"aug","tue",91,121.2,561.6,7,21.6,19,6.7,0,0,0,19,"tl",0,0,1,0,5,307.268,0
1,2,"aug","sun",91.4,142.4,601.4,10.6,19.5,39,6.3,0,0,0,19,"tl",1,1,1,0,6,552.825,0
1,2,"aug","sun",90.2,99.6,631.2,6.3,17.9,44,2.2,0,0,0,19,"tl",1,1,1,0,3,565.158,0
1,2,"aug","tue",94.8,108.3,647.1,17,18.6,51,4.5,0,0,0,19,"tl",0,0,1,0,10,683.808,0
1,2,"aug","wed",92.1,111.2,654.1,9.6,16.6,47,0.9,0,0,0,19,"tl",0,0,1,0,7,556.292,0
1,2,"aug","thu",91.7,114.3,661.3,6.3,20.2,45,3.6,0,0,0,19,"tl",0,0,1,0,7,666.63,0
1,2,"sep","thu",92.9,137,706.4,9.2,21.5,15,0.9,0,0,0,19,"tl",0,0,1,0,9,241.125,0
1,2,"sep","thu",92.9,137,706.4,9.2,25.4,27,2.2,0,0,0,19,"tl",0,0,1,0,9,553.581,0
1,2,"sep","thu",92.9,137,706.4,9.2,22.4,34,2.2,0,0,0,19,"tl",0,0,1,0,9,578,0
1,2,"sep","sun",93.5,149.3,728.6,8.1,25.3,36,3.6,0,0,0,19,"tl",1,1,1,0,10,733.626,0
6,5,"mar","sat",91.7,35.8,80.8,7.8,17.4,25,4.9,0,0,1,49,"mr",1,1,0,0,7,311.05,0
6,5,"aug","sat",90.2,96.9,624.2,8.9,14.7,59,5.8,0,0,1,49,"mr",1,1,1,0,3,621.1756,0
8,6,"mar","fri",91.7,35.8,80.8,7.8,17.4,24,5.4,0,0,0,52,"br",1,1,0,0,7,298.608,0
8,6,"aug","sun",92.3,85.3,488,14.7,20.8,32,6.3,0,0,0,52,"br",1,1,1,0,8,492.672,0
8,6,"aug","sun",91.4,142.4,601.4,10.6,18.2,43,4.9,0,0,0,52,"br",1,1,1,0,6,562.698,0
8,6,"aug","mon",91.1,103.2,638.8,5.8,23.4,22,2.7,0,0,0,52,"br",0,1,1,0,5,398.2,0
4,4,"sep","sun",89.7,90,704.4,4.8,17.8,64,1.3,0,0,0,36,"ml",1,1,1,0,2,816.896,0
3,4,"feb","sat",83.9,8,30.2,2.6,12.7,48,1.8,0,0,1,43,"ml",1,1,0,0,1,450.4512,0
3,4,"mar","sat",69,2.4,15.5,0.7,17.4,24,5.4,0,0,1,43,"ml",1,1,0,0,1,298.608,0
3,4,"aug","sun",91.4,142.4,601.4,10.6,11.6,87,4.5,0,0,1,43,"ml",1,1,1,0,6,761.7024,0
3,4,"aug","sun",91.4,142.4,601.4,10.6,19.8,39,5.4,0,0,1,43,"ml",1,1,1,0,6,563.238,0
3,4,"aug","sun",91.4,142.4,601.4,10.6,19.8,39,5.4,0,0,1,43,"ml",1,1,1,0,6,563.238,0
3,4,"aug","tue",88.8,147.3,614.5,9,14.4,66,5.4,0,0,1,43,"ml",0,0,1,0,2,683.5488,0
2,4,"aug","tue",94.8,108.3,647.1,17,20.1,40,4,0,0,0,27,"tl",0,0,1,0,10,588.68,0
2,4,"sep","sat",92.5,121.1,674.4,8.6,24.1,29,4.5,0,0,0,27,"tl",1,1,1,0,8,547.6505,0
2,4,"jan","sat",82.1,3.7,9.3,2.9,5.3,78,3.1,0,0,0,27,"tl",1,1,0,0,1,457.548,0
4,5,"mar","fri",85.9,19.5,57.3,2.8,12.7,52,6.3,0,0,0,25,"ml",1,1,0,0,1,487.9888,0
4,5,"mar","thu",91.4,30.7,74.3,7.5,18.2,29,3.1,0,0,0,25,"ml",0,0,0,0,6,379.494,0
4,5,"aug","sun",90.2,99.6,631.2,6.3,21.4,33,3.1,0,0,0,25,"ml",1,1,1,0,3,527.274,0
4,5,"sep","sat",92.5,88,698.6,7.1,20.3,45,3.1,0,0,0,25,"ml",1,1,1,0,8,670.995,0
4,5,"sep","mon",88.6,91.8,709.9,7.1,17.4,56,5.4,0,0,0,25,"ml",0,1,1,0,2,696.752,0
4,4,"mar","fri",85.9,19.5,57.3,2.8,13.7,43,5.8,0,0,0,36,"ml",1,1,0,0,1,428.1252,0
3,4,"mar","fri",91.7,33.3,77.5,9,18.8,18,4.5,0,0,1,43,"ml",1,1,0,0,7,244.242,0
3,4,"sep","sun",89.7,90,704.4,4.8,22.8,39,3.6,0,0,1,43,"ml",1,1,1,0,2,680.16,0
3,4,"sep","mon",91.8,78.5,724.3,9.2,18.9,35,2.7,0,0,1,43,"ml",0,1,1,0,7,477.7325,0
3,4,"mar","tue",88.1,25.7,67.6,3.8,15.8,27,7.6,0,0,1,43,"ml",0,0,0,0,2,304.236,0
3,5,"mar","tue",88.1,25.7,67.6,3.8,15.5,27,6.3,0,0,0,7,"ml",0,0,0,0,2,298.485,0
3,4,"mar","sat",91.7,35.8,80.8,7.8,11.6,30,6.3,0,0,1,43,"ml",1,1,0,0,7,262.656,0
3,4,"mar","sat",91.7,35.8,80.8,7.8,15.2,27,4.9,0,0,1,43,"ml",1,1,0,0,7,292.734,0
3,4,"mar","mon",90.1,39.7,86.6,6.2,10.6,30,4,0,0,1,43,"ml",0,1,0,0,3,245.496,0
3,4,"aug","thu",93,75.3,466.6,7.7,19.6,36,3.1,0,0,1,43,"ml",0,0,1,0,9,513.504,0
3,4,"aug","mon",91.5,145.4,608.2,10.7,10.3,74,2.2,0,0,1,43,"ml",0,1,1,0,6,592.8584,0
3,4,"aug","mon",91.5,145.4,608.2,10.7,17.1,43,5.4,0,0,1,43,"ml",0,1,1,0,6,524.6215,0
3,4,"sep","sun",92.4,124.1,680.7,8.5,22.5,42,5.4,0,0,1,43,"ml",1,1,1,0,8,718.62,0
3,4,"sep","tue",84.4,73.4,671.9,3.2,17.9,45,3.1,0,0,1,43,"ml",0,0,1,0,1,578.0025,0
3,4,"sep","fri",94.3,85.1,692.3,15.9,19.8,50,5.4,0,0,1,43,"ml",1,1,1,0,10,722.1,0
3,4,"oct","sun",92.6,46.5,691.8,8.8,20.6,24,5.4,0,0,1,43,"ml",1,1,0,0,9,364.848,0
3,5,"mar","mon",87.6,52.2,103.8,5,9,49,2.2,0,0,0,7,"ml",0,1,0,0,2,363.58,0
3,5,"sep","fri",93.5,149.3,728.6,8.1,17.2,43,3.1,0,0,0,7,"ml",1,1,1,0,10,528.083,0
3,5,"oct","wed",91.4,37.9,673.8,5.2,15.9,46,3.6,0,0,0,7,"ml",0,0,0,0,6,521.594,0
2,5,"oct","sun",92.6,46.5,691.8,8.8,15.4,35,0.9,0,0,1,20,"other",1,1,0,0,9,384.44,0
4,6,"feb","sat",68.2,21.5,87.2,0.8,15.4,40,2.7,0,0,1,8,"other",1,1,0,0,1,439.36,0
4,6,"mar","mon",87.2,23.9,64.7,4.1,14,39,3.1,0,0,1,8,"other",0,1,0,0,2,394.992,0
4,6,"mar","sun",89.3,51.3,102.2,9.6,10.6,46,4.9,0,0,1,8,"other",1,1,0,0,2,376.4272,0
4,6,"sep","thu",93.7,80.9,685.2,17.9,17.6,42,3.1,0,0,1,8,"other",0,0,1,0,10,529.326,0
3,5,"mar","tue",88.1,25.7,67.6,3.8,14.9,38,2.7,0,0,0,7,"ml",0,0,0,0,2,404.4264,0
3,5,"aug","sat",93.5,139.4,594.2,20.3,17.6,52,5.8,0,0,0,7,"ml",1,1,1,0,10,655.356,0
3,6,"sep","sun",92.4,124.1,680.7,8.5,17.2,58,1.3,0,0,0,4,"other",1,1,1,0,8,712.298,0
3,6,"sep","mon",90.9,126.5,686.5,7,15.6,66,3.1,0,0,0,4,"other",0,1,1,0,5,734.316,0
9,9,"jul","tue",85.8,48.3,313.4,3.9,18,42,2.7,0,0.36,0,6,"other",0,0,1,0.307484699747961,1,542.85,0
1,4,"sep","tue",91,129.5,692.6,7,21.7,38,2.2,0,0.43,0,15,"tl",0,0,1,0.357674444271816,5,618.222,0
2,5,"sep","mon",90.9,126.5,686.5,7,21.9,39,1.8,0,0.47,1,20,"other",0,1,1,0.385262400790645,5,642.057,0
1,2,"aug","wed",95.5,99.9,513.3,13.2,23.3,31,4.5,0,0.55,0,19,"tl",0,0,1,0.438254930931155,10,557.69,0
8,6,"aug","fri",90.1,108,529.8,12.5,21.2,51,8.9,0,0.61,0,52,"br",1,1,1,0.476234178996372,3,804.984,0
1,2,"jul","sat",90,51.3,296.3,8.7,16.6,53,5.4,0,0.71,0,19,"tl",1,1,1,0.536493370514568,3,627.308,0
2,5,"aug","wed",95.5,99.9,513.3,13.2,23.8,32,5.4,0,0.77,1,20,"other",0,0,1,0.570979546585738,10,593.28,0
6,5,"aug","thu",95.2,131.7,578.8,10.4,27.4,22,4,0,0.9,1,49,"mr",0,0,1,0.641853886172395,10,512.365333333333,0
5,4,"mar","mon",90.1,39.7,86.6,6.2,13.2,40,5.4,0,0.95,0,23,"mr",0,1,0,0.667829372575655,3,386.816,0
8,3,"sep","tue",84.4,73.4,671.9,3.2,24.2,28,3.6,0,0.96,1,3,"other",0,0,1,0.672944473242426,1,532.252,0
2,2,"aug","tue",94.8,108.3,647.1,17,17.4,43,6.7,0,1.07,0,25,"tl",0,0,1,0.727548607277278,10,535.006,0
8,6,"sep","thu",93.7,80.9,685.2,17.9,23.7,25,4.5,0,1.12,0,52,"br",0,0,1,0.751416088683921,10,460.75,0
6,5,"jun","fri",92.5,56.4,433.3,7.1,23.2,39,5.4,0,1.19,1,49,"mr",1,1,1,0.783901543828409,8,697.32,0
9,9,"jul","sun",90.1,68.6,355.2,7.2,24.8,29,2.2,0,1.36,0,6,"other",1,1,1,0.858661619037519,3,572.924,0
3,4,"jul","sat",90.1,51.2,424.1,6.2,24.6,43,1.8,0,1.43,1,43,"ml",1,1,1,0.887891257352457,3,838.801,0
5,4,"sep","fri",94.3,85.1,692.3,15.9,20.1,47,4.9,0,1.46,0,23,"mr",1,1,1,0.900161349944271,10,691.699,0
1,5,"sep","sat",93.4,145.4,721.4,8.1,29.6,27,2.7,0,1.46,0,4,"other",1,1,1,0.900161349944271,10,720.198,0
7,4,"aug","sun",94.8,108.3,647.1,17,16.4,47,1.3,0,1.56,1,45,"mr",1,1,1,0.940007258491471,10,549.618,0
2,4,"sep","sat",93.4,145.4,721.4,8.1,28.6,27,2.2,0,1.61,0,27,"tl",1,1,1,0.959350221334602,10,676.008,0
2,2,"aug","wed",92.1,111.2,654.1,9.6,18.4,45,3.6,0,1.63,0,25,"tl",0,0,1,0.966983846189673,7,596.115,0
2,4,"aug","wed",92.1,111.2,654.1,9.6,20.5,35,4,0,1.64,0,27,"tl",0,0,1,0.970778917158225,7,528.675,0
7,4,"sep","fri",92.4,117.9,668,12.2,19,34,5.8,0,1.69,1,45,"mr",1,1,1,0.989541193613748,8,466.82,0
7,4,"mar","mon",90.1,39.7,86.6,6.2,16.1,29,3.1,0,1.75,1,45,"mr",0,1,0,1.01160091167848,3,332.949,0
6,4,"aug","thu",95.2,131.7,578.8,10.4,20.3,41,4,0,1.9,0,9,"mr",0,0,1,1.06471073699243,10,611.351,0
6,3,"mar","sat",90.6,50.1,100.4,7.8,15.2,31,8.5,0,1.94,0,25,"mr",1,1,0,1.07840958135059,3,336.102,0
8,6,"sep","sat",92.5,121.1,674.4,8.6,17.8,56,1.8,0,1.95,0,52,"br",1,1,1,1.08180517035173,8,714.784,0
8,5,"sep","sun",89.7,90,704.4,4.8,17.8,67,2.2,0,2.01,1,4,"other",1,1,1,1.10194007876078,2,855.188,0
6,5,"mar","thu",84.9,18.2,55,3,5.3,70,4.5,0,2.14,1,49,"mr",0,0,0,1.14422279992016,1,410.62,0
6,5,"aug","wed",92.1,111.2,654.1,9.6,16.6,47,0.9,0,2.29,1,49,"mr",0,0,1,1.19088756477728,7,556.292,0
6,5,"aug","wed",96,127.1,570.5,16.5,23.4,33,4.5,0,2.51,1,49,"mr",0,0,1,1.25561603747777,10,597.3,0
6,5,"mar","fri",91.2,48.3,97.8,12.5,14.6,26,9.4,0,2.53,1,49,"mr",1,1,0,1.26129787094521,5,272.2512,0
8,6,"aug","thu",95.2,131.7,578.8,10.4,20.7,45,2.2,0,2.55,0,52,"br",0,0,1,1.26694760348732,10,688.455,0
5,4,"sep","wed",92.9,133.3,699.6,9.2,21.9,35,1.8,0,2.57,0,23,"mr",0,0,1,1.27256559579155,9,576.205,0
8,6,"aug","wed",85.6,90.4,609.6,6.6,17.4,50,4,0,2.69,0,52,"br",0,0,1,1.30562645805244,1,622.1,0
7,4,"aug","sun",91.4,142.4,601.4,10.6,20.1,39,5.4,0,2.74,1,45,"mr",1,1,1,1.31908561142644,6,573.963,0
4,4,"sep","mon",90.9,126.5,686.5,7,17.7,39,2.2,0,3.07,0,36,"ml",0,1,1,1.4036429994545,5,494.6565,0
1,4,"aug","sat",90.2,96.9,624.2,8.9,14.2,53,1.8,0,3.5,0,15,"tl",1,1,1,1.50407739677627,3,542.8472,0
1,4,"aug","sat",90.2,96.9,624.2,8.9,20.3,39,4.9,0,4.53,0,15,"tl",1,1,1,1.71018781553424,3,581.529,0
6,5,"apr","thu",81.5,9.1,55.2,2.7,5.8,54,5.8,0,4.61,1,49,"mr",0,0,0,1.72455071953461,1,328.104,0
2,5,"aug","sun",90.2,99.6,631.2,6.3,19.2,44,2.7,0,4.69,1,20,"other",1,1,1,1.73871024813824,3,611.952,0
2,5,"sep","wed",90.1,82.9,735.7,6.2,18.3,45,2.2,0,4.88,1,20,"other",0,0,1,1.77155676191054,3,592.4925,0
8,6,"aug","tue",88.8,147.3,614.5,9,14.4,66,5.4,0,5.23,0,52,"br",0,0,1,1.82937633279936,2,683.5488,0
1,3,"sep","sun",92.4,124.1,680.7,8.5,23.9,32,6.7,0,5.33,0,10,"tl",1,1,1,1.84530023615608,8,596.8,0
8,6,"oct","mon",84.9,32.8,664.2,3,19.1,32,4,0,5.44,0,52,"br",0,1,0,1.86252854011626,1,442.208,0
5,4,"feb","sun",86.8,15.6,48.3,3.9,12.4,53,2.2,0,6.38,0,23,"mr",1,1,0,1.99877363861238,2,488.2784,0
7,4,"oct","mon",91.7,48.5,696.1,11.1,16.8,45,4.5,0,6.83,1,45,"mr",0,1,0,2.05796251000271,7,539.01,0
8,6,"aug","fri",93.9,135.7,586.7,15.1,20.8,34,4.9,0,6.96,0,52,"br",1,1,1,2.07442899985629,10,523.464,0
2,5,"sep","tue",91,129.5,692.6,7,17.6,46,3.1,0,7.04,1,20,"other",0,0,1,2.08442908319087,5,579.738,0
8,6,"mar","sun",89.3,51.3,102.2,9.6,11.5,39,5.8,0,7.19,0,52,"br",1,1,0,2.10291389786498,2,339.222,0
1,5,"sep","mon",90.9,126.5,686.5,7,21,42,2.2,0,7.3,0,4,"other",0,1,1,2.11625551480255,5,654.78,0
6,4,"mar","sat",90.8,41.9,89.4,7.9,13.3,42,0.9,0,7.4,0,9,"mr",1,1,0,2.12823170584927,5,408.5592,0
7,4,"mar","sun",90.7,44,92.4,5.5,11.5,60,4,0,8.24,1,45,"mr",1,1,0,2.22354188565359,3,521.88,0
6,5,"mar","fri",91.2,48.3,97.8,12.5,11.7,33,4,0,8.31,1,49,"mr",1,1,0,2.23108909128898,5,290.8092,0
2,5,"aug","thu",95.2,131.7,578.8,10.4,24.2,28,2.7,0,8.68,1,20,"other",0,0,1,2.27006190128849,10,532.252,0
2,2,"aug","tue",94.8,108.3,647.1,17,24.6,22,4.5,0,8.71,0,25,"tl",0,0,1,2.27315628230323,10,429.154,0
4,5,"sep","wed",92.9,133.3,699.6,9.2,24.3,25,4,0,9.41,0,25,"ml",0,0,1,2.34276688262688,9,478.3375,0
2,2,"aug","tue",94.8,108.3,647.1,17,24.6,22,4.5,0,10.01,0,25,"tl",0,0,1,2.39880395073459,10,429.154,0
2,5,"aug","fri",93.9,135.7,586.7,15.1,23.5,36,5.4,0,10.02,1,20,"other",1,1,1,2.39971180372477,10,655.56,0
6,5,"apr","thu",81.5,9.1,55.2,2.7,5.8,54,5.8,0,10.93,1,49,"mr",0,0,0,2.47905623610982,1,328.104,0
4,5,"sep","thu",92.9,137,706.4,9.2,21.5,15,0.9,0,11.06,0,25,"ml",0,0,1,2.48989419129904,9,241.125,0
3,4,"sep","tue",91,129.5,692.6,7,13.9,59,6.3,0,11.24,1,43,"ml",0,0,1,2.50470927708418,5,594.1772,0
2,4,"sep","mon",63.5,70.8,665.3,0.8,22.6,38,3.6,0,11.32,0,27,"tl",0,1,1,2.51122395810537,1,654.36,0
1,5,"sep","tue",91,129.5,692.6,7,21.6,33,2.2,0,11.53,0,4,"other",0,0,1,2.52812576890798,5,533.676,0
6,5,"mar","sun",90.1,37.6,83.7,7.2,12.4,54,3.6,0,12.1,1,49,"mr",1,1,0,2.57261223020711,3,497.4912,0
7,4,"feb","sun",83.9,8.7,32.1,2.1,8.8,68,2.2,0,13.05,1,45,"mr",1,1,0,2.64262239577975,1,498.848,0
8,6,"oct","wed",91.4,37.9,673.8,5.2,20.2,37,2.7,0,13.7,0,52,"br",0,0,0,2.68784749378469,6,548.118,0
5,6,"mar","sat",90.6,50.1,100.4,7.8,15.1,64,4,0,13.99,0,4,"other",1,1,0,2.70738331211451,3,689.344,0
4,5,"sep","thu",92.9,137,706.4,9.2,22.1,34,1.8,0,14.57,0,25,"ml",0,0,1,2.74534598584591,9,566.78,0
2,2,"aug","sat",93.5,139.4,594.2,20.3,22.9,31,7.2,0,15.45,0,25,"tl",1,1,1,2.80032547721138,10,544.05,0
7,5,"sep","tue",91,129.5,692.6,7,20.7,37,2.2,0,17.2,1,11,"mr",0,0,1,2.90142159408275,5,566.063,0
6,5,"sep","fri",92.4,117.9,668,12.2,19.6,33,6.3,0,19.23,1,49,"mr",1,1,1,3.00716665117965,8,470.712,0
8,3,"sep","thu",93.7,80.9,685.2,17.9,23.2,26,4.9,0,23.41,1,3,"other",0,0,1,3.19499288440487,10,464.88,0
4,4,"oct","sat",90.6,43.7,686.9,6.7,18.4,25,3.1,0,24.23,0,36,"ml",1,1,0,3.22803376265297,3,331.175,0
7,4,"aug","sat",93.5,139.4,594.2,20.3,5.1,96,5.8,0,26,1,45,"mr",1,1,1,3.29583686600433,10,555.072,0
7,4,"sep","fri",94.3,85.1,692.3,15.9,20.1,47,4.9,0,26.13,1,45,"mr",1,1,1,3.30064012667084,10,691.699,0
7,3,"mar","mon",87.6,52.2,103.8,5,11,46,5.8,0,27.35,1,2,"mr",0,1,0,3.34462703017376,2,386.952,0
4,4,"mar","sat",91.7,35.8,80.8,7.8,17,27,4.9,0,28.66,0,36,"ml",1,1,0,3.38979933670979,7,327.24,0
4,4,"mar","sat",91.7,35.8,80.8,7.8,17,27,4.9,0,28.66,0,36,"ml",1,1,0,3.38979933670979,7,327.24,0
4,4,"sep","sun",92.4,124.1,680.7,8.5,16.9,60,1.3,0,29.48,0,36,"ml",1,1,1,3.41707073081845,8,722.94,0
1,3,"sep","mon",88.6,91.8,709.9,7.1,12.4,73,6.3,0,30.32,0,10,"tl",0,1,1,3.4442568711226,2,672.5344,0
4,5,"sep","wed",92.9,133.3,699.6,9.2,19.4,19,1.3,0,31.72,0,25,"ml",0,0,1,3.48798651173455,9,267.634,0
6,5,"mar","mon",90.1,39.7,86.6,6.2,15.2,27,3.1,0,31.86,1,49,"mr",0,1,0,3.49225611260912,3,292.734,0
8,6,"aug","sun",90.2,99.6,631.2,6.3,16.2,59,3.1,0,32.07,0,52,"br",1,1,1,3.4986265269937,3,681.568,0
3,4,"sep","fri",93.3,141.2,713.9,13.9,18.6,49,3.6,0,35.88,1,43,"ml",1,1,1,3.60766939868839,9,656.992,0
4,3,"mar","mon",87.6,52.2,103.8,5,11,46,5.8,0,36.85,0,22,"ml",0,1,0,3.63363097988346,2,386.952,0
2,2,"jul","fri",88.3,150.3,309.9,6.8,13.4,79,3.6,0,37.02,0,25,"tl",1,1,1,3.63811233706028,2,772.9992,0
7,4,"sep","wed",90.1,82.9,735.7,6.2,15.4,57,4.5,0,37.71,1,45,"mr",0,0,1,3.65609796458956,3,626.088,0
4,4,"sep","sun",93.5,149.3,728.6,8.1,22.9,39,4.9,0,48.55,0,36,"ml",1,1,1,3.902982260776,10,684.45,0
7,5,"oct","mon",91.7,48.5,696.1,11.1,16.1,44,4,0,49.37,1,11,"mr",0,1,0,3.91939575975756,7,505.164,0
8,6,"aug","sat",92.2,81.8,480.8,11.9,20.1,34,4.5,0,58.3,0,52,"br",1,1,1,4.08260930600368,8,500.378,0
4,6,"sep","sun",93.5,149.3,728.6,8.1,28.3,26,3.1,0,64.1,1,8,"other",1,1,1,4.17592454921452,10,639.608666666667,0
8,6,"aug","sat",92.2,81.8,480.8,11.9,16.4,43,4,0,71.3,0,52,"br",1,1,1,4.28082412916472,8,502.842,0
4,4,"sep","wed",92.9,133.3,699.6,9.2,26.4,21,4.5,0,88.49,0,36,"ml",0,0,1,4.49412688719477,9,458.486,0
1,5,"sep","sun",93.5,149.3,728.6,8.1,27.8,27,3.1,0,95.18,0,4,"other",1,1,1,4.56622143584952,10,644.544,0
6,4,"sep","tue",91,129.5,692.6,7,18.7,43,2.7,0,103.39,0,9,"mr",0,0,1,4.64813388542021,5,580.0055,0
9,4,"sep","tue",84.4,73.4,671.9,3.2,24.3,36,3.1,0,105.66,0,4,"other",0,0,1,4.66964620517246,1,688.806,0
4,5,"sep","sat",92.5,121.1,674.4,8.6,17.7,25,3.1,0,154.88,0,25,"ml",1,1,1,5.04908648047051,8,317.0875,0
8,6,"aug","sun",91.4,142.4,601.4,10.6,19.6,41,5.8,0,196.48,0,52,"br",1,1,1,5.28563731339066,6,584.824,0
2,2,"sep","sat",92.5,121.1,674.4,8.6,18.2,46,1.8,0,200.94,0,25,"tl",1,1,1,5.30797062357617,8,601.956,0
1,2,"sep","tue",91,129.5,692.6,7,18.8,40,2.2,0,212.88,0,19,"tl",0,0,1,5.36541511008053,5,542.76,0
6,5,"sep","sat",92.5,121.1,674.4,8.6,25.1,27,4,0,1090.84,1,49,"mr",1,1,1,6.99561962542321,8,543.4965,0
7,5,"apr","sun",81.9,3,7.9,3.5,13.4,75,1.8,0,0,1,11,"mr",1,1,0,0,1,733.86,0
6,3,"apr","wed",88,17.2,43.5,3.8,15.2,51,2.7,0,0,0,25,"mr",0,0,0,0,2,552.942,0
4,4,"apr","fri",83,23.3,85.3,2.3,16.7,20,3.1,0,0,0,36,"ml",1,1,0,0,1,238.14,0
2,4,"aug","sun",94.2,122.3,589.9,12.9,15.4,66,4,0,10.13,0,27,"tl",1,1,1,2.40964416528745,10,724.944,0
7,4,"aug","sun",91.8,175.1,700.7,13.8,21.9,73,7.6,1,0,1,45,"mr",1,1,1,0,7,1201.799,1
2,4,"aug","sun",91.8,175.1,700.7,13.8,22.4,54,7.6,0,2.87,0,27,"tl",1,1,1,1.35325450704169,7,918,0
3,4,"aug","sun",91.8,175.1,700.7,13.8,26.8,38,6.3,0,0.76,1,43,"ml",1,1,1,0.56531380905006,7,851.782666666667,0
5,4,"aug","sun",91.8,175.1,700.7,13.8,25.7,39,5.4,0,0.09,0,23,"mr",1,1,1,0.0861776962410524,7,814.1835,0
2,4,"aug","wed",92.2,91.6,503.6,9.6,20.7,70,2.2,0,0.75,0,27,"tl",0,0,1,0.559615787935423,8,1070.93,0
8,6,"aug","wed",93.1,157.3,666.7,13.5,28.7,28,2.7,0,0,0,52,"br",0,0,1,0,9,705.124,0
3,4,"aug","wed",93.1,157.3,666.7,13.5,21.7,40,0.4,0,2.47,1,43,"ml",0,0,1,1.24415459395877,9,650.76,0
8,5,"aug","wed",93.1,157.3,666.7,13.5,26.8,25,3.1,0,0.68,1,4,"other",0,0,1,0.518793793415168,9,560.383333333333,0
8,5,"aug","wed",93.1,157.3,666.7,13.5,24,36,3.1,0,0.24,1,4,"other",0,0,1,0.215111379616945,9,675.36,0
6,5,"aug","wed",93.1,157.3,666.7,13.5,22.1,37,3.6,0,0.21,1,49,"mr",0,0,1,0.19062035960865,9,616.79,0
7,4,"aug","thu",91.9,109.2,565.5,8,21.4,38,2.7,0,1.52,1,45,"mr",0,0,1,0.924258901523332,7,607.164,0
6,3,"aug","thu",91.6,138.1,621.7,6.3,18.9,41,3.1,0,10.34,0,25,"mr",0,0,1,2.42833629829961,6,559.6295,0
2,5,"aug","thu",87.5,77,694.8,5,22.3,46,4,0,0,1,20,"other",0,0,1,0,2,776.94,0
8,6,"aug","sat",94.2,117.2,581.1,11,23.9,41,2.2,0,8.02,0,52,"br",1,1,1,2.19944433407453,10,764.65,0
4,3,"aug","sat",94.2,117.2,581.1,11,21.4,44,2.7,0,0.68,0,22,"ml",1,1,1,0.518793793415168,10,703.032,0
3,4,"aug","sat",91.8,170.9,692.3,13.7,20.6,59,0.9,0,0,1,43,"ml",1,1,1,0,7,896.918,0
7,4,"aug","sat",91.8,170.9,692.3,13.7,23.7,40,1.8,0,1.38,1,45,"mr",1,1,1,0.867100487683383,7,737.2,0
2,4,"aug","mon",93.6,97.9,542,14.4,28.3,32,4,0,8.85,0,27,"tl",0,1,1,2.287471455184,10,787.210666666667,0
3,4,"aug","fri",91.6,112.4,573,8.9,11.2,84,7.6,0,3.3,1,43,"ml",1,1,1,1.45861502269952,6,716.2176,0
2,4,"aug","fri",91.6,112.4,573,8.9,21.4,42,3.1,0,4.25,0,27,"tl",1,1,1,1.65822807660353,6,671.076,0
6,3,"aug","fri",91.1,141.1,629.1,7.1,19.3,39,3.6,0,1.56,0,25,"mr",1,1,1,0.940007258491471,5,545.883,0
4,4,"aug","fri",94.3,167.6,684.4,13,21.8,53,3.1,0,6.54,0,36,"ml",1,1,1,2.02022218201986,10,867.398,0
4,4,"aug","tue",93.7,102.2,550.3,14.6,22.1,54,7.6,0,0.79,0,36,"ml",0,0,1,0.582215619852664,10,900.18,0
6,5,"aug","tue",94.3,131.7,607.1,22.7,19.4,55,4,0,0.17,1,49,"mr",0,0,1,0.157003748809665,10,774.73,0
2,2,"aug","tue",92.1,152.6,658.2,14.3,23.7,24,3.1,0,0,0,25,"tl",0,0,1,0,7,442.32,0
3,4,"aug","tue",92.1,152.6,658.2,14.3,21,32,3.1,0,0,1,43,"ml",0,0,1,0,7,498.88,0
4,4,"aug","tue",92.1,152.6,658.2,14.3,19.1,53,2.7,0,4.4,0,36,"ml",0,0,1,1.68639895357023,7,732.407,0
2,2,"aug","tue",92.1,152.6,658.2,14.3,21.8,56,3.1,0,0.52,0,25,"tl",0,0,1,0.418710334858185,7,916.496,0
8,6,"aug","tue",92.1,152.6,658.2,14.3,20.1,58,4.5,0,9.27,0,52,"br",0,0,1,2.32922702394047,7,853.586,0
2,5,"aug","tue",92.1,152.6,658.2,14.3,20.2,47,4,0,3.09,1,20,"other",0,0,1,1.40854497005471,7,696.258,0
4,6,"dec","sun",84.4,27.2,353.5,6.8,4.8,57,8.5,0,8.98,1,8,"other",1,1,0,2.30058309032337,1,323.6688,0
8,6,"dec","wed",84,27.8,354.6,5.3,5.1,61,8,0,11.19,0,52,"br",0,0,0,2.50061594349318,1,352.702,0
4,6,"dec","thu",84.6,26.4,352,2,5.1,61,4.9,0,5.38,1,8,"other",0,0,0,1.8531680973567,1,352.702,0
4,4,"dec","mon",85.4,25.4,349.7,2.6,4.6,21,8.5,0,17.85,0,36,"ml",0,1,0,2.93651291389402,1,117.9528,0
3,4,"dec","mon",85.4,25.4,349.7,2.6,4.6,21,8.5,0,10.73,1,43,"ml",0,1,0,2.46214966266538,1,117.9528,0
4,4,"dec","mon",85.4,25.4,349.7,2.6,4.6,21,8.5,0,22.03,0,36,"ml",0,1,0,3.13679771383259,1,117.9528,0
4,4,"dec","mon",85.4,25.4,349.7,2.6,4.6,21,8.5,0,9.77,0,36,"ml",0,1,0,2.3767644911683,1,117.9528,0
4,6,"dec","fri",84.7,26.7,352.6,4.1,2.2,59,4.9,0,9.27,1,8,"other",1,1,0,2.32922702394047,1,287.7784,0
6,5,"dec","tue",85.4,25.4,349.7,2.6,5.1,24,8.5,0,24.77,1,49,"mr",0,0,0,3.24921102466427,1,138.768,0
6,3,"feb","sun",84.9,27.5,353.5,3.4,4.2,51,4,0,0,0,25,"mr",1,1,0,0,1,280.1736,0
3,4,"feb","wed",86.9,6.6,18.7,3.2,8.8,35,3.1,0,1.1,1,43,"ml",0,0,0,0.741937344729377,2,256.76,0
5,4,"feb","fri",85.2,4.9,15.8,6.3,7.5,46,8,0,24.24,0,23,"mr",1,1,0,3.22843003767301,1,312.34,0
2,5,"jul","sun",93.9,169.7,411.8,12.3,23.4,40,6.3,0,0,1,20,"other",1,1,1,0,10,724,0
7,6,"jul","wed",91.2,183.1,437.7,12.5,12.6,90,7.6,0.2,0,0,2,"br",0,0,1,0,5,839.448,1
7,4,"jul","sat",91.6,104.2,474.9,9,22.1,49,2.7,0,0,1,45,"mr",1,1,1,0,6,816.83,0
7,4,"jul","sat",91.6,104.2,474.9,9,24.2,32,1.8,0,0,1,45,"mr",1,1,1,0,6,608.288,0
7,4,"jul","sat",91.6,104.2,474.9,9,24.3,30,1.8,0,0,1,45,"mr",1,1,1,0,6,574.005,0
2,5,"jul","sat",91.6,104.2,474.9,9,18.7,53,1.8,0,0,1,20,"other",1,1,1,0,6,714.8905,0
9,4,"jul","sat",91.6,104.2,474.9,9,25.3,39,0.9,0,8,0,4,"other",1,1,1,2.19722457733622,6,794.7615,0
4,5,"jul","fri",91.6,100.2,466.3,6.3,22.9,40,1.3,0,2.64,0,25,"ml",1,1,1,1.29198368164865,6,702,0
7,6,"jul","tue",93.1,180.4,430.8,11,26.9,28,5.4,0,86.45,0,2,"br",0,0,1,4.47106720146461,9,631.708,0
8,6,"jul","tue",92.3,88.8,440.9,8.5,17.1,67,3.6,0,6.57,0,52,"br",0,0,1,2.02419306744936,8,817.4335,0
7,5,"jun","sun",93.1,180.4,430.8,11,22.2,48,1.3,0,0,1,11,"mr",1,1,1,0,9,805.44,0
6,4,"jun","sun",90.4,89.5,290.8,6.4,14.3,46,1.8,0,0.9,0,9,"mr",1,1,1,0.641853886172395,3,473.7816,0
8,6,"jun","sun",90.4,89.5,290.8,6.4,15.4,45,2.2,0,0,0,52,"br",1,1,1,0,3,494.28,0
8,6,"jun","wed",91.2,147.8,377.2,12.7,19.6,43,4.9,0,0,0,52,"br",0,0,1,0,5,613.352,0
6,5,"jun","sat",53.4,71,233.8,0.4,10.6,90,2.7,0,0,1,49,"mr",1,1,1,0,1,736.488,0
6,5,"jun","mon",90.4,93.3,298.1,7.5,20.7,25,4.9,0,0,1,49,"mr",0,1,1,0,3,382.475,0
6,5,"jun","mon",90.4,93.3,298.1,7.5,19.1,39,5.4,0,3.52,1,49,"mr",0,1,1,1.50851199384414,3,538.941,0
3,6,"jun","fri",91.1,94.1,232.1,7.1,19.2,38,4.5,0,0,0,4,"other",1,1,1,0,5,528.504,0
3,6,"jun","fri",91.1,94.1,232.1,7.1,19.2,38,4.5,0,0,0,4,"other",1,1,1,0,5,528.504,0
6,5,"may","sat",85.1,28,113.8,3.5,11.3,94,4.9,0,0,1,49,"mr",1,1,0,0,1,806.8584,0
1,4,"sep","sun",89.6,84.1,714.3,5.7,19,52,2.2,0,0,0,15,"tl",1,1,1,0,2,713.96,0
7,4,"sep","sun",89.6,84.1,714.3,5.7,17.1,53,5.4,0,0.41,1,45,"mr",1,1,1,0.343589704390077,2,646.6265,0
3,4,"sep","sun",89.6,84.1,714.3,5.7,23.8,35,3.6,0,5.18,1,43,"ml",1,1,1,1.8213182714696,2,648.9,0
2,4,"sep","sun",92.4,105.8,758.1,9.9,16,45,1.8,0,0,0,27,"tl",1,1,1,0,8,513.45,0
2,4,"sep","sun",92.4,105.8,758.1,9.9,24.9,27,2.2,0,0,0,27,"tl",1,1,1,0,8,536.7735,0
7,4,"sep","sun",92.4,105.8,758.1,9.9,25.3,27,2.7,0,0,1,45,"mr",1,1,1,0,8,550.2195,0
6,3,"sep","sun",92.4,105.8,758.1,9.9,24.8,28,1.8,0,14.29,0,25,"mr",1,1,1,2.72719901994097,8,553.168,0
2,4,"sep","sun",50.4,46.2,706.6,0.4,12.2,78,6.3,0,0,0,27,"tl",1,1,1,0,1,709.6752,0
6,5,"sep","wed",92.6,115.4,777.1,8.8,24.3,27,4.9,0,0,1,49,"mr",0,0,1,0,9,516.6045,0
4,4,"sep","wed",92.6,115.4,777.1,8.8,19.7,41,1.8,0,1.58,0,36,"ml",0,0,1,0.947789398933526,9,588.473,0
3,4,"sep","wed",91.2,134.7,817.5,7.2,18.5,30,2.7,0,0,1,43,"ml",0,0,1,0,5,399.825,0
4,5,"sep","thu",92.4,96.2,739.4,8.6,18.6,24,5.8,0,0,0,25,"ml",0,0,1,0,8,321.792,0
4,4,"sep","thu",92.4,96.2,739.4,8.6,19.2,24,4.9,0,3.78,0,36,"ml",0,0,1,1.56444054650336,8,333.792,0
6,5,"sep","thu",92.8,119,783.5,7.5,21.6,27,2.2,0,0,1,49,"mr",0,0,1,0,9,436.644,0
5,4,"sep","thu",92.8,119,783.5,7.5,21.6,28,6.3,0,4.41,0,23,"mr",0,0,1,1.68824909285839,9,452.816,0
6,3,"sep","thu",92.8,119,783.5,7.5,18.9,34,7.2,0,34.36,0,25,"mr",0,0,1,3.56558123776944,9,464.083,0
1,4,"sep","thu",92.8,119,783.5,7.5,16.8,28,4,0,7.21,0,15,"tl",0,0,1,2.10535292346434,9,335.384,0
6,5,"sep","thu",92.8,119,783.5,7.5,16.8,28,4,0,1.01,1,49,"mr",0,0,1,0.698134722070984,9,335.384,0
3,5,"sep","thu",90.7,136.9,822.8,6.8,12.9,39,2.7,0,2.18,0,7,"ml",0,0,1,1.15688119679209,3,370.4532,0
6,5,"sep","thu",88.1,53.3,726.9,5.4,13.7,56,1.8,0,4.42,1,49,"mr",0,0,1,1.69009581545155,2,557.5584,0
1,4,"sep","sat",92.2,102.3,751.5,8.4,24.2,27,3.1,0,0,0,15,"tl",1,1,1,0,8,513.243,0
5,4,"sep","sat",92.2,102.3,751.5,8.4,24.1,27,3.1,0,0,0,23,"mr",1,1,1,0,8,509.8815,0
6,5,"sep","sat",92.2,102.3,751.5,8.4,21.2,32,2.2,0,0,1,49,"mr",1,1,1,0,8,505.088,0
6,5,"sep","sat",92.2,102.3,751.5,8.4,19.7,35,1.8,0,0,1,49,"mr",1,1,1,0,8,502.355,0
4,3,"sep","sat",92.2,102.3,751.5,8.4,23.5,27,4,0,3.33,0,22,"ml",1,1,1,1.4655675420144,8,491.67,0
3,3,"sep","sat",92.2,102.3,751.5,8.4,24.2,27,3.1,0,6.58,1,1,"ml",1,1,1,2.02551319965428,8,513.243,0
7,4,"sep","sat",91.2,124.4,795.3,8.5,21.5,28,4.5,0,15.64,1,45,"mr",1,1,1,2.81180943539306,5,450.1,0
4,4,"sep","sat",91.2,124.4,795.3,8.5,17.1,41,2.2,0,11.22,0,36,"ml",1,1,1,2.50307395374345,5,500.2205,0
1,4,"sep","mon",92.1,87.7,721.1,9.5,18.1,54,3.1,0,2.13,0,15,"tl",0,1,1,1.14103300455206,7,702.297,0
2,3,"sep","mon",91.6,108.4,764,6.2,18,51,5.4,0,0,0,1,"tl",0,1,1,0,6,659.175,0
4,3,"sep","mon",91.6,108.4,764,6.2,9.8,86,1.8,0,0,0,22,"ml",0,1,1,0,6,667.016,0
7,4,"sep","mon",91.6,108.4,764,6.2,19.3,44,2.2,0,0,1,45,"mr",0,1,1,0,6,615.868,0
6,3,"sep","mon",91.6,108.4,764,6.2,23,34,2.2,0,56.04,0,25,"mr",0,1,1,4.04375277610604,6,600.44,0
8,6,"sep","mon",91.6,108.4,764,6.2,22.7,35,2.2,0,7.48,0,52,"br",0,1,1,2.13771044980381,6,606.55,0
2,4,"sep","mon",91.6,108.4,764,6.2,20.4,41,1.8,0,1.47,0,27,"tl",0,1,1,0.904218150639886,6,615.328,0
2,5,"sep","mon",91.6,108.4,764,6.2,19.3,44,2.2,0,3.93,1,20,"other",0,1,1,1.5953389880546,6,615.868,0
8,6,"sep","mon",91.9,111.7,770.3,6.5,15.7,51,2.2,0,0,0,52,"br",0,1,1,0,7,571.047,0
6,3,"sep","mon",91.5,130.1,807.1,7.5,20.6,37,1.8,0,0,0,25,"mr",0,1,1,0,6,562.474,0
8,6,"sep","mon",91.5,130.1,807.1,7.5,15.9,51,4.5,0,2.18,0,52,"br",0,1,1,1.15688119679209,6,578.289,0
6,3,"sep","mon",91.5,130.1,807.1,7.5,12.2,66,4.9,0,6.1,0,25,"mr",0,1,1,1.96009478404727,6,600.4944,0
2,2,"sep","mon",91.5,130.1,807.1,7.5,16.8,43,3.1,0,5.83,0,25,"tl",0,1,1,1.9213246735827,6,515.054,0
1,4,"sep","mon",91.5,130.1,807.1,7.5,21.3,35,2.2,0,28.19,0,15,"tl",0,1,1,3.37382618486602,6,555.835,0
5,4,"sep","fri",92.1,99,745.3,9.6,10.1,75,3.6,0,0,0,23,"mr",1,1,1,0,7,592.29,0
3,4,"sep","fri",92.1,99,745.3,9.6,17.4,57,4.5,0,0,1,43,"ml",1,1,1,0,7,709.194,0
5,4,"sep","fri",92.1,99,745.3,9.6,12.8,64,3.6,0,1.64,0,23,"mr",1,1,1,0.970778917158225,7,604.2624,0
5,4,"sep","fri",92.1,99,745.3,9.6,10.1,75,3.6,0,3.71,0,23,"mr",1,1,1,1.54968790802833,7,592.29,0
4,4,"sep","fri",92.1,99,745.3,9.6,15.4,53,6.3,0,7.31,0,36,"ml",1,1,1,2.11745960886736,7,582.152,0
7,4,"sep","fri",92.1,99,745.3,9.6,20.6,43,3.6,0,2.03,1,45,"mr",1,1,1,1.10856261952128,7,653.686,0
7,4,"sep","fri",92.1,99,745.3,9.6,19.8,47,2.7,0,1.72,1,45,"mr",1,1,1,1.00063188030791,7,678.774,0
7,4,"sep","fri",92.1,99,745.3,9.6,18.7,50,2.2,0,5.97,1,45,"mr",1,1,1,1.94161522477243,7,674.425,0
4,4,"sep","fri",92.1,99,745.3,9.6,20.8,35,4.9,0,13.06,0,36,"ml",1,1,1,2.64333388638252,7,538.86,0
4,4,"sep","fri",92.1,99,745.3,9.6,20.8,35,4.9,0,1.26,0,36,"ml",1,1,1,0.815364813284194,7,538.86,0
6,3,"sep","fri",92.5,122,789.7,10.2,15.9,55,3.6,0,0,0,25,"mr",1,1,1,0,8,623.645,0
6,3,"sep","fri",92.5,122,789.7,10.2,19.7,39,2.7,0,0,0,25,"mr",1,1,1,0,8,559.767,0
1,4,"sep","fri",92.5,122,789.7,10.2,21.1,39,2.2,0,8.12,0,15,"tl",1,1,1,2.21046980408624,8,611.793,0
6,5,"sep","fri",92.5,122,789.7,10.2,18.4,42,2.2,0,1.09,1,49,"mr",1,1,1,0.73716406597672,8,556.374,0
4,3,"sep","fri",92.5,122,789.7,10.2,17.3,45,4,0,3.94,0,22,"ml",1,1,1,1.59736533119983,8,556.2675,0
7,4,"sep","fri",88.2,55.2,732.3,11.6,15.2,64,3.1,0,0.52,1,45,"mr",1,1,1,0.418710334858185,2,693.888,0
4,3,"sep","tue",91.9,111.7,770.3,6.5,15.9,53,2.2,0,2.93,0,22,"ml",0,0,1,1.36863942588117,7,600.967,0
6,5,"sep","tue",91.9,111.7,770.3,6.5,21.1,35,2.7,0,5.65,1,49,"mr",0,0,1,1.89461685466776,7,549.045,0
6,5,"sep","tue",91.9,111.7,770.3,6.5,19.6,45,3.1,0,20.03,1,49,"mr",0,0,1,3.04594998971461,7,641.88,0
4,5,"sep","tue",91.1,132.3,812.1,12.5,15.9,38,5.4,0,1.75,0,25,"ml",0,0,1,1.01160091167848,5,430.882,0
4,5,"sep","tue",91.1,132.3,812.1,12.5,16.4,27,3.6,0,0,0,25,"ml",0,0,1,0,5,315.738,0
6,5,"sep","sat",91.2,94.3,744.4,8.4,16.8,47,4.9,0,12.64,1,49,"mr",1,1,1,2.61300665241532,5,562.966,0
4,5,"sep","sun",91,276.3,825.1,7.1,13.8,77,7.6,0,0,0,25,"ml",1,1,1,0,5,771.0472,0
7,4,"sep","sun",91,276.3,825.1,7.1,13.8,77,7.6,0,11.06,1,45,"mr",1,1,1,2.48989419129904,5,771.0472,0
3,4,"jul","wed",91.9,133.6,520.5,8,14.2,58,4,0,0,1,43,"ml",0,0,1,0,7,594.0592,0
4,5,"aug","sun",92,203.2,664.5,8.1,10.4,75,0.9,0,0,0,25,"ml",1,1,1,0,7,605.16,0
5,4,"aug","thu",94.8,222.4,698.6,13.9,20.3,42,2.7,0,0,0,23,"mr",0,0,1,0,10,626.262,0
6,5,"sep","fri",90.3,290,855.3,7.4,10.3,78,4,0,18.3,1,49,"mr",1,1,1,2.96010509591084,3,624.9048,0
6,5,"sep","sat",91.2,94.3,744.4,8.4,15.4,57,4.9,0,39.35,1,49,"mr",1,1,1,3.69759139471596,5,626.088,0
8,6,"aug","mon",92.1,207,672.6,8.2,21.1,54,2.2,0,0,0,52,"br",0,1,1,0,7,847.098,0
2,2,"aug","sat",93.7,231.1,715.1,8.4,21.9,42,2.2,0,174.63,0,25,"tl",1,1,1,5.16837950943364,10,691.446,0
6,5,"mar","thu",90.9,18.9,30.6,8,8.7,51,5.8,0,0,1,49,"mr",0,0,0,0,5,371.994,0
4,5,"jan","sun",18.7,1.1,171.4,0,5.2,100,0.9,0,0,0,25,"ml",1,1,0,0,1,582.4,0
5,4,"jul","wed",93.7,101.3,458.8,11.9,19.3,39,7.2,0,7.73,0,23,"mr",0,0,1,2.16676536985151,10,545.883,0
8,6,"aug","thu",90.7,194.1,643,6.8,16.2,63,2.7,0,16.33,0,52,"br",0,0,1,2.85243910372751,3,727.776,0
8,6,"aug","wed",95.2,217.7,690,18,28.2,29,1.8,0,5.86,0,52,"br",0,0,1,1.92570744173779,10,709.185333333333,0
9,6,"aug","thu",91.6,248.4,753.8,6.3,20.5,58,2.7,0,42.87,1,1,"other",0,0,1,3.78123071517812,6,876.09,0
8,4,"aug","sat",91.6,273.8,819.1,7.7,21.3,44,4.5,0,12.18,1,1,"other",1,1,1,2.57870052907436,6,698.764,0
2,4,"aug","sun",91.6,181.3,613,7.6,20.9,50,2.2,0,16,0,27,"tl",1,1,1,2.83321334405622,6,774.65,0
3,4,"sep","sun",90.5,96.7,750.5,11.4,20.6,55,5.4,0,24.59,1,43,"ml",1,1,1,3.2422016501717,3,836.11,0
5,5,"mar","thu",90.9,18.9,30.6,8,11.6,48,5.4,0,0,1,3,"mr",0,0,0,0,5,420.2496,0
6,4,"aug","fri",94.8,227,706.7,12,23.3,34,3.1,0,28.74,0,9,"mr",1,1,1,3.39249294103201,10,611.66,0
7,4,"aug","fri",94.8,227,706.7,12,23.3,34,3.1,0,0,1,45,"mr",1,1,1,0,10,611.66,0
7,4,"feb","mon",84.7,9.5,58.3,4.1,7.5,71,6.3,0,9.96,1,45,"mr",0,1,0,2.39425228151987,1,482.09,0
8,6,"sep","fri",91.1,91.3,738.1,7.2,20.7,46,2.7,0,30.18,0,52,"br",1,1,1,3.43977686362963,5,703.754,0
1,3,"sep","sun",91,276.3,825.1,7.1,21.9,43,4,0,70.76,0,10,"tl",1,1,1,4.27332721775054,5,707.909,0
2,4,"mar","tue",93.4,15,25.6,11.4,15.2,19,7.6,0,0,0,27,"tl",0,0,0,0,10,205.998,0
6,5,"feb","mon",84.1,4.6,46.7,2.2,5.3,68,1.8,0,0,1,49,"mr",0,1,0,0,1,398.888,0
4,5,"feb","sun",85,9,56.9,3.5,10.1,62,1.8,0,51.78,0,25,"ml",1,1,0,3.96613233107518,1,489.6264,0
4,3,"sep","sun",90.5,96.7,750.5,11.4,20.4,55,4.9,0,3.64,0,22,"ml",1,1,1,1.53471436623816,3,825.44,0
5,6,"aug","sun",91.6,181.3,613,7.6,24.3,33,3.6,0,3.63,0,4,"other",1,1,1,1.53255686809814,6,631.4055,0
1,2,"aug","sat",93.7,231.1,715.1,8.4,25.9,32,3.1,0,0,0,19,"tl",1,1,1,0,10,676.016,0
9,5,"jun","wed",93.3,49.5,297.7,14,28,34,4.5,0,0,1,2,"other",0,0,1,0,9,821.553333333333,0
9,5,"jun","wed",93.3,49.5,297.7,14,28,34,4.5,0,8.16,1,2,"other",0,0,1,2.21484617868604,9,821.553333333333,0
3,4,"sep","thu",91.1,88.2,731.7,8.3,22.8,46,4,0,4.95,1,43,"ml",0,0,1,1.78339121955754,5,802.24,0
9,9,"aug","fri",94.8,227,706.7,12,25,36,4,0,0,0,6,"other",1,1,1,0,10,720.18,0
8,6,"aug","thu",90.7,194.1,643,6.8,21.3,41,3.6,0,0,0,52,"br",0,0,1,0,3,651.121,0
2,4,"sep","wed",87.9,84.8,725.1,3.7,21.8,34,2.2,0,6.04,0,27,"tl",0,0,1,1.95160817016995,2,556.444,0
2,2,"aug","tue",94.6,212.1,680.9,9.5,27.9,27,2.2,0,0,0,25,"tl",0,0,1,0,10,648.477,0
6,5,"sep","sat",87.1,291.3,860.6,4,17,67,4.9,0,3.95,1,49,"mr",1,1,1,1.5993875765806,2,812.04,0
4,5,"feb","sat",84.7,8.2,55,2.9,14.2,46,4,0,0,0,25,"ml",1,1,0,0,1,471.1504,0
4,3,"sep","fri",90.3,290,855.3,7.4,19.9,44,3.1,0,7.8,0,22,"ml",1,1,1,2.17475172148416,3,639.364,0
1,4,"jul","tue",92.3,96.2,450.2,12.1,23.4,31,5.4,0,0,0,15,"tl",0,0,1,0,8,561.1,0
6,3,"feb","fri",84.1,7.3,52.8,2.7,14.7,42,2.7,0,0,0,25,"mr",1,1,0,0,1,442.1928,0
7,4,"feb","fri",84.6,3.2,43.6,3.3,8.2,53,9.4,0,4.62,1,45,"mr",1,1,0,1.7263316639056,1,375.452,0
9,4,"jul","mon",92.3,92.1,442.1,9.8,22.8,27,4.5,0,1.63,0,4,"other",0,1,1,0.966983846189673,8,470.88,0
7,5,"aug","sat",93.7,231.1,715.1,8.4,26.4,33,3.6,0,0,1,11,"mr",1,1,1,0,10,720.478,0
5,4,"aug","sun",93.6,235.1,723.1,10.1,24.1,50,4,0,0,0,23,"mr",1,1,1,0,10,944.225,0
8,6,"aug","thu",94.8,222.4,698.6,13.9,27.5,27,4.9,0,746.28,0,52,"br",0,0,1,6.61643994756459,10,632.745,0
6,3,"jul","tue",92.7,164.1,575.8,8.9,26.3,39,3.1,0,7.02,0,25,"mr",0,0,1,2.08193842187842,9,845.793,0
6,5,"mar","wed",93.4,17.3,28.3,9.9,13.8,24,5.8,0,0,1,49,"mr",0,0,0,0,10,240.3264,0
2,4,"aug","sun",92,203.2,664.5,8.1,24.9,42,5.4,0,2.44,0,27,"tl",1,1,1,1.23547147138531,7,834.981,0
2,5,"aug","sun",91.6,181.3,613,7.6,24.8,36,4,0,3.05,1,20,"other",1,1,1,1.39871688111845,6,711.216,0
8,8,"aug","wed",91.7,191.4,635.9,7.8,26.2,36,4.5,0,185.76,0,1,"other",0,0,1,5.22982437010274,7,775.488,0
2,4,"aug","wed",95.2,217.7,690,18,30.8,19,4.5,0,0,0,27,"tl",0,0,1,0,10,546.858,0
8,6,"jul","sun",88.9,263.1,795.9,5.2,29.3,27,3.6,0,6.3,0,52,"br",1,1,1,1.98787434815435,2,705.969,0
1,3,"sep","sat",91.2,94.3,744.4,8.4,22.3,48,4,0,0.72,0,10,"tl",1,1,1,0.542324290825362,5,810.72,0
8,6,"aug","sat",93.7,231.1,715.1,8.4,26.9,31,3.6,0,4.96,0,52,"br",1,1,1,1.78507048107726,10,699.391,0
2,2,"aug","thu",91.6,248.4,753.8,6.3,20.4,56,2.2,0,0,0,25,"tl",0,0,1,0,6,840.448,0
8,6,"aug","thu",91.6,248.4,753.8,6.3,20.4,56,2.2,0,0,0,52,"br",0,0,1,0,6,840.448,0
2,4,"aug","mon",92.1,207,672.6,8.2,27.9,33,2.2,0,2.35,0,27,"tl",0,1,1,1.20896034583698,7,792.583,0
1,3,"aug","thu",94.8,222.4,698.6,13.9,26.2,34,5.8,0,0,0,10,"tl",0,0,1,0,10,732.405333333333,0
3,4,"aug","sun",91.6,181.3,613,7.6,24.6,44,4,0,3.2,1,43,"ml",1,1,1,1.43508452528932,6,858.308,0
7,4,"sep","thu",89.7,287.2,849.3,6.8,19.4,45,3.6,0,0,1,45,"mr",0,0,1,0,2,633.87,0
1,3,"aug","sat",92.1,178,605.3,9.6,23.3,40,4,0,6.36,0,10,"tl",1,1,1,1.99605993274078,7,719.6,0
8,6,"aug","thu",94.8,222.4,698.6,13.9,23.9,38,6.7,0,0,0,52,"br",0,0,1,0,10,708.7,0
2,4,"aug","sun",93.6,235.1,723.1,10.1,20.9,66,4.9,0,15.34,0,27,"tl",1,1,1,2.79361608943186,10,1022.538,0
1,4,"aug","fri",90.6,269.8,811.2,5.5,22.2,45,3.6,0,0,0,15,"tl",1,1,1,0,3,755.1,0
2,5,"jul","sat",90.8,84.7,376.6,5.6,23.8,51,1.8,0,0,1,20,"other",1,1,1,0,5,945.54,0
8,6,"aug","mon",92.1,207,672.6,8.2,26.8,35,1.3,0,0.54,0,52,"br",0,1,1,0.431782416425538,7,784.536666666667,0
8,6,"aug","sat",89.4,253.6,768.4,9.7,14.2,73,2.7,0,0,0,52,"br",1,1,1,0,2,747.6952,0
2,5,"aug","sat",93.7,231.1,715.1,8.4,23.6,53,4,0,6.43,1,20,"other",1,1,1,2.00552585872967,10,970.96,0
1,3,"sep","fri",91.1,91.3,738.1,7.2,19.1,46,2.2,0,0.33,0,10,"tl",1,1,1,0.285178942233662,5,635.674,0
5,4,"sep","fri",90.3,290,855.3,7.4,16.2,58,3.6,0,0,0,23,"mr",1,1,1,0,3,670.016,0
8,6,"aug","mon",92.1,207,672.6,8.2,25.5,29,1.8,0,1.23,0,52,"br",0,1,1,0.802001585472027,7,598.1975,0
6,5,"apr","mon",87.9,24.9,41.6,3.7,10.9,64,3.1,0,3.35,1,49,"mr",0,1,0,1.47017584510059,2,534.7072,0
1,2,"jul","fri",90.7,80.9,368.3,16.8,14.8,78,8,0,0,0,19,"tl",1,1,1,0,3,825.6768,0
2,5,"sep","fri",90.3,290,855.3,7.4,16.2,58,3.6,0,9.96,1,20,"other",1,1,1,2.39425228151987,3,670.016,0
5,5,"aug","sun",94,47.9,100.7,10.7,17.3,80,4.5,0,0,1,3,"mr",1,1,1,0,10,988.92,0
6,5,"aug","sun",92,203.2,664.5,8.1,19.1,70,2.2,0,0,1,49,"mr",1,1,1,0,7,967.33,0
3,4,"mar","wed",93.4,17.3,28.3,9.9,8.9,35,8,0,0,1,43,"ml",0,0,0,0,10,258.23,0
7,4,"sep","wed",89.7,284.9,844,10.1,10.5,77,4,0,0,1,45,"mr",0,0,1,0,2,625.702,0
7,4,"aug","sun",91.6,181.3,613,7.6,19.3,61,4.9,0,0,1,45,"mr",1,1,1,0,6,853.817,0
4,5,"aug","wed",95.2,217.7,690,18,23.4,49,5.4,0,6.43,0,25,"ml",0,0,1,2.00552585872967,10,886.9,0
1,4,"aug","fri",90.5,196.8,649.9,16.3,11.8,88,4.9,0,9.71,0,15,"tl",1,1,1,2.37117788445966,3,780.5248,0
7,4,"aug","mon",91.5,238.2,730.6,7.5,17.7,65,4,0,0,1,45,"mr",0,1,1,0,6,824.4275,0
4,5,"aug","thu",89.4,266.2,803.3,5.6,17.4,54,3.1,0,0,0,25,"ml",0,0,1,0,2,671.868,0
3,4,"aug","thu",91.6,248.4,753.8,6.3,16.8,56,3.1,0,0,1,43,"ml",0,0,1,0,6,670.768,0
3,4,"jul","mon",94.6,160,567.2,16.7,17.9,48,2.7,0,0,1,43,"ml",0,1,1,0,10,616.536,0
2,4,"aug","thu",91.6,248.4,753.8,6.3,16.6,59,2.7,0,0,0,27,"tl",0,0,1,0,6,698.324,0
1,4,"aug","wed",91.7,191.4,635.9,7.8,19.9,50,4,0,82.75,0,15,"tl",0,0,1,4.42783617070518,7,726.55,0
8,6,"aug","sat",93.7,231.1,715.1,8.4,18.9,64,4.9,0,3.32,0,52,"br",1,1,1,1.46325540225602,10,873.568,0
7,4,"aug","sat",91.6,273.8,819.1,7.7,15.5,72,8,0,1.94,1,45,"mr",1,1,1,1.07840958135059,6,795.96,0
2,5,"aug","sat",93.7,231.1,715.1,8.4,18.9,64,4.9,0,0,1,20,"other",1,1,1,0,10,873.568,0
8,6,"aug","sat",93.7,231.1,715.1,8.4,18.9,64,4.9,0,0,0,52,"br",1,1,1,0,10,873.568,0
1,4,"sep","sun",91,276.3,825.1,7.1,14.5,76,7.6,0,3.71,0,15,"tl",1,1,1,1.54968790802833,5,791.464,0
6,5,"feb","tue",75.1,4.4,16.2,1.9,4.6,82,6.3,0,5.39,1,49,"mr",0,0,0,1.85473426838944,1,460.5776,0
6,4,"feb","tue",75.1,4.4,16.2,1.9,5.1,77,5.4,0,2.14,0,9,"mr",0,0,0,1.14422279992016,1,445.214,0
2,2,"feb","sat",79.5,3.6,15.3,1.8,4.6,59,0.9,0,6.84,0,25,"tl",1,1,0,2.05923883436232,1,331.3912,0
6,5,"mar","mon",87.2,15.1,36.9,7.1,10.2,45,5.8,0,3.18,1,49,"mr",0,1,0,1.43031124653666,2,357.948,0
3,4,"mar","wed",90.2,18.5,41.1,7.3,11.2,41,5.4,0,5.55,1,43,"ml",0,0,0,1.87946504964716,3,349.5824,0
6,5,"mar","thu",91.3,20.6,43.5,8.5,13.3,27,3.6,0,6.61,1,49,"mr",0,0,0,2.02946317187359,6,262.6452,0
6,3,"apr","sun",91,14.6,25.6,12.3,13.7,33,9.4,0,61.13,0,25,"mr",1,1,0,4.1292289640756,5,328.5612,0
5,4,"apr","sun",91,14.6,25.6,12.3,17.6,27,5.8,0,0,0,23,"mr",1,1,0,0,5,340.281,0
4,3,"may","fri",89.6,25.4,73.7,5.7,18,40,4,0,38.48,0,22,"ml",1,1,0,3.67579421456528,2,517,0
8,3,"jun","mon",88.2,96.2,229,4.7,14.3,79,4,0,1.94,1,3,"other",0,1,1,1.07840958135059,2,813.6684,0
9,4,"jun","sat",90.5,61.1,252.6,9.4,24.5,50,3.1,0,70.32,0,4,"other",1,1,1,4.26717679299494,3,969.125,0
4,3,"jun","thu",93,103.8,316.7,10.8,26.4,35,2.7,0,10.08,0,22,"ml",0,0,1,2.40514168131914,9,764.143333333333,0
2,5,"jun","thu",93.7,121.7,350.2,18,22.7,40,9.4,0,3.19,1,20,"other",0,0,1,1.43270073393405,10,693.2,0
4,3,"jul","thu",93.5,85.3,395,9.9,27.2,28,1.3,0,1.76,0,22,"ml",0,0,1,1.01523067972906,10,643.944,0
4,3,"jul","sun",93.7,101.3,423.4,14.7,26.1,45,4,0,7.36,0,22,"ml",1,1,1,2.12345842709661,10,962.805,0
7,4,"jul","sun",93.7,101.3,423.4,14.7,18.2,82,4.5,0,2.21,1,45,"mr",1,1,1,1.16627093714192,10,1073.052,0
7,4,"jul","mon",89.2,103.9,431.6,6.4,22.6,57,4.9,0,278.53,1,45,"mr",0,1,1,5.63310962136115,2,981.54,0
9,9,"jul","thu",93.2,114.4,560,9.5,30.2,25,4.5,0,2.75,0,6,"other",0,0,1,1.32175583998232,9,693.2,0
4,3,"jul","thu",93.2,114.4,560,9.5,30.2,22,4.9,0,0,0,22,"ml",0,0,1,0,9,610.016,0
3,4,"aug","sun",94.9,130.3,587.1,14.1,23.4,40,5.8,0,1.29,1,43,"ml",1,1,1,0.828551817566148,10,724,0
8,6,"aug","sun",94.9,130.3,587.1,14.1,31,27,5.4,0,0,0,52,"br",1,1,1,0,10,786.6,0
2,5,"aug","sun",94.9,130.3,587.1,14.1,33.1,25,4,0,26.43,1,20,"other",1,1,1,3.31163730494951,10,830.458333333333,0
2,4,"aug","mon",95,135.5,596.3,21.3,30.6,28,3.6,0,2.07,0,27,"tl",0,1,1,1.12167756159911,10,796.058666666667,0
5,4,"aug","tue",95.1,141.3,605.8,17.7,24.1,43,6.3,0,2,0,23,"mr",0,0,1,1.09861228866811,10,812.0335,0
5,4,"aug","tue",95.1,141.3,605.8,17.7,26.4,34,3.6,0,16.4,0,23,"mr",0,0,1,2.85647020622048,10,742.310666666667,0
4,4,"aug","tue",95.1,141.3,605.8,17.7,19.4,71,7.6,0,46.7,0,36,"ml",0,0,1,3.8649313978943,10,1000.106,0
4,4,"aug","wed",95.1,141.3,605.8,17.7,20.6,58,1.3,0,0,0,36,"ml",0,0,1,0,10,881.716,0
4,4,"aug","wed",95.1,141.3,605.8,17.7,28.7,33,4,0,0,0,36,"ml",0,0,1,0,10,831.039,0
4,4,"aug","thu",95.8,152,624.1,13.8,32.4,21,4.5,0,0,0,36,"ml",0,0,1,0,10,666.47,0
1,3,"aug","fri",95.9,158,633.6,11.3,32.4,27,2.2,0,0,0,10,"tl",1,1,1,0,10,856.89,0
1,3,"aug","fri",95.9,158,633.6,11.3,27.5,29,4.5,0,43.32,0,10,"tl",1,1,1,3.79143604243903,10,679.615,0
6,6,"aug","sat",96,164,643,14,30.8,30,4.9,0,8.59,0,3,"other",1,1,1,2.26072088889535,10,863.46,0
6,6,"aug","mon",96.2,175.5,661.8,16.8,23.9,42,2.2,0,0,0,3,"other",0,1,1,0,10,783.3,0
4,5,"aug","mon",96.2,175.5,661.8,16.8,32.6,26,3.1,0,2.77,0,25,"ml",0,1,1,1.32707500145992,10,836.16,0
3,4,"aug","tue",96.1,181.1,671.2,14.3,32.3,27,2.2,0,14.68,1,43,"ml",0,0,1,2.75238601492226,10,851.175,0
6,5,"aug","tue",96.1,181.1,671.2,14.3,33.3,26,2.7,0,40.54,1,49,"mr",0,0,1,3.72665681844797,10,874.683333333333,0
7,5,"aug","tue",96.1,181.1,671.2,14.3,27.3,63,4.9,6.4,10.82,1,11,"mr",0,0,1,2.46979301197795,10,1458.051,1
8,6,"aug","tue",96.1,181.1,671.2,14.3,21.6,65,4.9,0.8,0,0,52,"br",0,0,1,0,10,1051.18,1
7,5,"aug","tue",96.1,181.1,671.2,14.3,21.6,65,4.9,0.8,0,1,11,"mr",0,0,1,0,10,1051.18,1
4,4,"aug","tue",96.1,181.1,671.2,14.3,20.7,69,4.9,0.4,0,0,36,"ml",0,0,1,0,10,1055.631,1
2,4,"aug","wed",94.5,139.4,689.1,20,29.2,30,4.9,0,1.95,0,27,"tl",0,0,1,1.08180517035173,10,779.14,0
4,3,"aug","wed",94.5,139.4,689.1,20,28.9,29,4.9,0,49.59,0,22,"ml",0,0,1,3.92375392830384,10,738.755666666667,0
1,2,"aug","thu",91,163.2,744.4,10.1,26.7,35,1.8,0,5.8,0,19,"tl",0,0,1,1.91692261218206,5,779.438333333333,0
1,2,"aug","fri",91,166.9,752.6,7.1,18.5,73,8.5,0,0,0,19,"tl",1,1,1,0,5,972.9075,0
2,4,"aug","fri",91,166.9,752.6,7.1,25.9,41,3.6,0,0,0,27,"tl",1,1,1,0,5,866.1455,0
1,2,"aug","fri",91,166.9,752.6,7.1,25.9,41,3.6,0,0,0,19,"tl",1,1,1,0,5,866.1455,0
5,4,"aug","fri",91,166.9,752.6,7.1,21.1,71,7.6,1.4,2.17,0,23,"mr",1,1,1,1.15373158788919,5,1113.777,1
6,5,"aug","fri",91,166.9,752.6,7.1,18.2,62,5.4,0,0.43,1,49,"mr",1,1,1,0.357674444271816,5,811.332,0
8,6,"aug","sun",81.6,56.7,665.6,1.9,27.8,35,2.7,0,0,0,52,"br",1,1,1,0,1,835.52,0
4,3,"aug","sun",81.6,56.7,665.6,1.9,27.8,32,2.7,0,6.44,0,22,"ml",1,1,1,2.006870848845,1,763.904,0
2,4,"aug","sun",81.6,56.7,665.6,1.9,21.9,71,5.8,0,54.29,0,27,"tl",1,1,1,4.01259206034984,1,1168.873,0
7,4,"aug","sun",81.6,56.7,665.6,1.9,21.2,70,6.7,0,11.16,1,45,"mr",1,1,1,2.49815187653802,1,1104.88,0
1,4,"aug","sat",94.4,146,614.7,11.3,25.6,42,4,0,0,0,15,"tl",1,1,1,0,10,871.584,0
6,3,"nov","tue",79.5,3,106.7,1.1,11.8,31,4.5,0,0,0,25,"mr",0,0,0,0,1,274.9576,0
